010100101000000000001010
010100101000000100000101
010100101000001000011000
010100101000001101100100
001101000000000110000000
001101000000001010000001
001101000000001110000010
001101000000010010000011
000011010000000100000010
000111010000000100000011
000101010000000100000100
001100010000000000000001
100000000000000000000000
010011000000000100000000
001001010000010000000001
001111100000000100000111
010001010000001000000100
010111100000000100000010
011000000000000000000000
011010000000000000000000
011100000000000000000000
011110000000000000000000
100010000000000000000000
100100000000000000000000
